0 5001 75 396012 285
1 0 0 0 0
2 2441 50 345753 236
3 0 0 0 0
4 0 0 0 0
5 0 0 0 0
6 0 0 0 0
7 1377 25 126781 88
8 0 0 0 0
9 2601 54 379401 258
10 2744 56 404760 276
11 2218 46 320394 218
12 0 0 0 0
13 0 0 0 0
14 2258 47 320394 218
15 1149 24 134941 92
16 2664 54 421584 287
17 0 0 0 0
18 1452 30 168692 115
19 0 0 0 0
20 0 0 0 0
21 1795 37 244523 166
22 0 0 0 0
23 1675 34 182800 124
24 1915 40 323110 220
25 0 0 0 0
26 0 0 0 0
27 2824 58 404760 276
28 0 0 0 0
29 0 0 0 0
30 0 0 0 0
31 3773 77 539661 367
32 0 0 0 0
33 0 0 0 0
34 1372 28 177124 121
35 0 0 0 0
36 0 0 0 0
37 0 0 0 0
38 1412 29 177124 121
39 0 0 0 0
40 0 0 0 0
41 0 0 0 0
42 4499 92 632459 431
43 0 0 0 0
44 1109 23 134941 92
45 0 0 0 0
46 1452 30 191169 130
47 0 0 0 0
48 1412 29 168692 115
49 0 0 0 0
50 2218 46 269882 184
51 0 0 0 0
52 0 0 0 0
53 0 0 0 0
54 1109 23 126509 86
55 0 0 0 0
56 2521 52 370969 252
57 103 1 0 0
58 1389 30 185516 126
59 0 0 0 0
60 0 0 0 0
61 0 0 0 0
62 0 0 0 0
63 2521 52 345753 236
64 0 0 0 0
65 0 0 0 0
66 0 0 0 0
67 1069 22 118077 80
68 0 0 0 0
69 0 0 0 0
70 0 0 0 0
71 2521 52 379401 258
72 0 0 0 0
73 0 0 0 0
74 0 0 0 0
75 5305 109 750477 511
76 0 0 0 0
77 0 0 0 0
78 0 0 0 0
79 2098 43 295138 201
80 1492 31 185516 126
81 0 0 0 0
82 2481 51 345753 236
83 0 0 0 0
84 0 0 0 0
85 0 0 0 0
86 1372 28 168692 115
87 2441 50 328889 224
88 4922 101 708330 483
89 0 0 0 0
90 0 0 0 0
91 2887 58 408856 278
92 2058 42 299537 205
93 0 0 0 0
94 0 0 0 0
95 0 0 0 0
96 0 0 0 0
97 4099 82 598771 408
98 0 0 0 0
99 0 0 0 0
100 2601 54 379401 258
101 0 0 0 0
102 0 0 0 0
103 0 0 0 0
104 0 0 0 0
105 2601 54 379401 258
106 0 0 0 0
107 0 0 0 0
108 1029 21 109685 75
109 0 0 0 0
110 0 0 0 0
111 0 0 0 0
112 0 0 0 0
113 2761 58 387833 264
114 0 0 0 0
115 0 0 0 0
116 0 0 0 0
117 1492 31 185516 126
118 1412 29 177124 121
119 1372 28 143436 98
120 0 0 0 0
121 0 0 0 0
122 0 0 0 0
123 2601 54 370969 252
124 0 0 0 0
125 0 0 0 0
126 0 0 0 0
127 1835 38 252955 172
128 2258 47 303570 207
129 0 0 0 0
130 1412 29 177124 121
131 0 0 0 0
132 1109 23 126509 86
133 0 0 0 0
134 0 0 0 0
135 0 0 0 0
136 806 17 84223 57
137 1452 30 236171 161
138 1875 39 252955 172
139 0 0 0 0
140 0 0 0 0
141 2601 54 387833 264
142 0 0 0 0
143 0 0 0 0
144 2321 47 354145 241
145 4699 97 682931 464
146 0 0 0 0
147 1029 21 109685 75
148 0 0 0 0
149 0 0 0 0
150 0 0 0 0
151 1452 30 185516 126
152 1109 23 118077 80
153 0 0 0 0
154 1452 30 185516 126
155 0 0 0 0
156 2441 50 370969 252
157 0 0 0 0
158 0 0 0 0
159 0 0 0 0
160 0 0 0 0
161 2641 55 379401 258
162 0 0 0 0
163 0 0 0 0
164 0 0 0 0
165 1452 30 177128 121
166 2218 46 320394 218
167 0 0 0 0
168 0 0 0 0
169 0 0 0 0
170 2298 48 320394 218
171 0 0 0 0
172 0 0 0 0
173 503 11 40500 27
174 1978 40 322077 220
175 0 0 0 0
176 1109 23 134941 92
177 1755 36 244523 166
178 1492 31 185516 126
179 0 0 0 0
180 3613 73 489189 334
181 0 0 0 0
182 1069 22 134941 92
183 0 0 0 0
184 0 0 0 0
185 2218 46 311962 212
186 2784 57 413152 281
187 0 0 0 0
188 0 0 0 0
189 0 0 0 0
190 1492 31 193948 132
191 0 0 0 0
192 1252 25 151868 104
193 0 0 0 0
194 0 0 0 0
195 0 0 0 0
196 1069 22 109685 75
197 0 0 0 0
198 0 0 0 0
199 1069 22 109685 75
200 2298 48 303570 207
201 0 0 0 0
202 0 0 0 0
203 2784 57 413152 281
204 989 20 109685 75
205 0 0 0 0
206 0 0 0 0
207 1109 23 109685 75
208 0 0 0 0
209 0 0 0 0
210 0 0 0 0
211 0 0 0 0
212 423 9 34500 23
213 686 14 75185 52
214 0 0 0 0
215 2864 59 404760 276
216 0 0 0 0
217 0 0 0 0
218 4036 82 598708 408
219 0 0 0 0
220 0 0 0 0
221 0 0 0 0
222 0 0 0 0
223 1372 28 168692 115
224 0 0 0 0
225 2178 45 295138 201
226 0 0 0 0
227 0 0 0 0
228 2521 52 379401 258
229 0 0 0 0
230 2464 49 328952 224
231 0 0 0 0
232 0 0 0 0
233 1292 26 143436 98
234 0 0 0 0
235 0 0 0 0
236 0 0 0 0
237 2178 45 295138 201
238 1675 34 227699 155
239 0 0 0 0
240 0 0 0 0
241 0 0 0 0
242 1332 27 151868 104
243 0 0 0 0
244 2098 43 295138 201
245 1915 40 244523 166
246 1715 35 210875 144
247 926 20 109723 74
248 446 8 58969 41
249 1412 29 168692 115
250 1692 36 249669 169
251 0 0 0 0
252 2241 45 337365 231
253 0 0 0 0
254 0 0 0 0
255 0 0 0 0
256 2218 46 320394 218
257 0 0 0 0
258 0 0 0 0
259 0 0 0 0
260 1292 26 143436 98
261 0 0 0 0
262 2481 51 328889 224
263 0 0 0 0
264 0 0 0 0
265 2098 43 269882 184
266 0 0 0 0
267 0 0 0 0
268 0 0 0 0
269 0 0 0 0
270 2058 42 269882 184
271 0 0 0 0
272 0 0 0 0
273 0 0 0 0
274 0 0 0 0
275 1938 39 269882 184
276 0 0 0 0
277 0 0 0 0
278 0 0 0 0
279 0 0 0 0
280 2098 43 295138 201
281 0 0 0 0
282 0 0 0 0
283 0 0 0 0
284 0 0 0 0
285 2601 54 387833 264
286 0 0 0 0
287 0 0 0 0
288 0 0 0 0
289 2361 48 337321 230
290 0 0 0 0
291 0 0 0 0
