0 550 4 416 3
1 0 0 0 0
2 55554 825 2132563 1485
3 7367 107 260294 183
4 1613 23 55501 39
5 12309 177 422676 297
6 0 0 0 0
7 6818 98 239057 168
8 7150 100 237904 167
9 7104 102 237841 167
10 0 0 0 0
11 7487 110 237904 167
12 0 0 0 0
13 6675 96 219288 154
14 3174 51 244143 167
15 7024 100 237904 167
16 7167 102 237841 167
17 7024 100 238188 167
18 7104 102 239057 168
19 6881 98 237557 167
20 4410 63 136676 96
21 3243 48 111286 78
22 6778 97 223788 157
23 7556 107 256457 180
24 6778 97 215009 151
25 0 0 0 0
26 4204 61 139392 98
27 3003 42 103944 73
28 7064 101 233846 164
29 7310 104 237967 167
30 7024 100 237841 167
31 7127 101 238125 167
32 7333 103 237904 167
33 7127 101 239246 168
34 7367 107 236341 166
35 7516 106 237967 167
36 3134 50 245359 168
37 0 0 0 0
38 6818 98 239278 168
39 7178 107 238125 167
40 858 12 25674 18
41 9655 139 334443 235
42 4067 56 121186 85
43 6801 96 233562 164
44 7596 108 238030 167
45 7001 101 237683 167
46 7047 99 239057 168
47 3317 53 244143 167
48 7230 102 237904 167
49 7373 104 238188 167
50 7556 107 238030 167
51 6818 98 238062 167
52 7327 106 237904 167
53 7304 107 238070 168
54 0 0 0 0
55 0 0 0 0
56 6921 99 239120 168
57 6818 98 237778 167
58 7327 106 237967 167
59 6595 94 238994 168
60 5342 80 241055 167
61 0 0 0 0
62 6698 95 239057 168
63 7487 110 236530 166
64 0 0 0 0
65 5462 83 240992 167
66 7001 101 237620 167
67 6961 100 237841 167
68 6858 99 237778 167
69 0 0 0 0
70 0 0 0 0
71 0 0 0 0
72 3603 57 243400 167
73 0 0 0 0
74 0 0 0 0
75 0 0 0 0
76 0 0 0 0
77 0 0 0 0
78 0 0 0 0
79 0 0 0 0
80 0 0 0 0
81 0 0 0 0
82 0 0 0 0
83 0 0 0 0
84 0 0 0 0
85 0 0 0 0
86 0 0 0 0
87 0 0 0 0
88 0 0 0 0
89 0 0 0 0
90 5474 77 180903 127
91 31517 443 1112736 782
92 30081 426 1034750 727
93 8128 115 287563 202
94 6658 94 238994 168
95 6818 98 240494 169
96 9741 138 355933 250
97 70510 168 301747 214
98 7064 101 239404 168
99 6738 96 239057 168
100 0 0 0 0
101 7247 104 237746 167
102 7224 105 239120 168
103 5697 81 195114 137
104 2122 31 76833 54
105 8151 114 288842 203
106 5720 80 197956 139
107 8008 112 287784 202
108 11194 157 386201 271
109 6864 96 237904 167
110 6824 95 239120 168
111 6778 97 238062 167
112 73908 212 418186 314
113 6864 96 239183 168
114 6435 90 238994 168
115 12950 182 461061 324
116 7007 98 257610 181
117 6864 96 237683 167
118 12378 174 431518 303
119 7619 107 285937 201
120 66718 111 178759 147
121 13402 187 478158 337
122 6864 96 239404 168
123 6578 92 239278 168
124 73542 206 418384 315
125 6681 93 237778 167
126 6721 94 239057 168
127 43898 204 448476 315
128 6578 92 239057 168
129 6721 94 239341 168
130 13299 186 475398 334
131 6578 92 241836 170
132 6721 94 239120 168
133 8151 114 290279 204
134 12235 172 427176 300
135 6721 94 239120 168
136 6578 92 239057 168
137 12973 181 479425 337
138 6864 96 239120 168
139 6578 92 239057 168
140 13013 182 479488 337
141 6578 92 239057 168
142 7396 103 264668 186
143 13013 182 452692 318
144 5148 72 241080 170
145 4902 69 242580 171
146 10187 146 479823 338
147 6366 93 240526 169
148 0 0 0 0
149 6017 89 238837 168
150 5611 82 240116 169
151 5794 85 241553 170
152 5714 83 240053 169
153 3449 50 182737 129
154 6532 94 299802 211
155 1979 29 111935 79
156 2185 31 130425 92
157 6858 99 239057 168
158 6709 100 239152 168
159 5268 75 239927 169
160 8248 118 366325 258
161 5262 78 259728 183
162 4284 63 215690 152
163 8179 121 362046 255
164 2694 39 144478 102
165 1756 25 98008 69
166 4410 63 240986 170
167 4267 61 242202 171
168 0 0 0 0
169 4553 65 242486 171
170 5657 80 239990 169
171 4496 62 242486 171
172 0 0 0 0
173 4490 65 242486 171
174 6057 90 238679 168
175 0 0 0 0
176 5857 85 241553 170
177 5897 86 240053 169
178 6000 87 240337 169
179 5348 77 238553 168
180 4593 66 242486 171
181 6320 95 238490 168
182 3838 55 208222 147
183 4799 68 240986 170
184 4410 63 242202 171
185 4421 68 243006 170
186 4267 61 241049 170
187 1201 19 57965 41
188 2682 45 245170 168
189 5062 73 241522 170
190 10862 155 481575 339
191 5651 83 238553 168
192 5262 78 242088 168
193 0 0 0 0
194 6206 89 240526 169
195 5840 83 239895 169
196 3420 54 245020 168
197 6286 91 238868 168
198 0 0 0 0
199 6063 87 240242 169
200 2659 46 244665 168
201 0 0 0 0
202 3529 52 136424 96
203 995 17 105776 72
204 0 0 0 0
205 6372 90 239026 168
206 0 0 0 0
207 5954 89 241616 170
208 10450 151 479886 338
209 5125 73 241585 170
210 5188 73 242580 171
211 65265 92 177706 138
212 9392 134 439843 310
213 5125 73 241080 170
214 5325 78 242580 171
215 6423 96 238963 168
216 5777 83 240053 169
217 5674 82 241490 170
218 5691 84 241490 170
219 4736 68 242265 171
220 0 0 0 0
221 4553 65 242265 171
222 5428 79 240022 169
223 4570 67 242486 171
224 4370 62 242202 171
225 5365 79 241238 170
226 5434 76 241648 170
227 3575 50 212375 150
228 4513 64 272345 192
229 4044 57 242360 171
230 8288 119 484720 342
231 4044 57 243860 172
232 9375 132 483724 341
233 5085 72 241080 170
234 10027 142 472544 333
235 5308 76 252859 178
236 5005 70 241585 170
237 11714 170 480295 338
238 6080 89 240242 169
239 0 0 0 0
240 5817 84 240337 169
241 6000 87 240242 169
242 6103 88 238963 168
243 5897 86 240337 169
244 4999 73 242738 171
245 6097 91 278060 196
246 8282 122 430937 302
247 4959 72 257391 181
248 4999 73 241301 170
249 5285 77 241143 170
250 4553 65 240765 170
251 4856 71 242675 171
252 4839 69 241522 170
253 10301 152 482129 340
254 5725 88 240085 169
255 4959 72 241459 170
256 4736 68 241049 170
257 4759 67 242265 171
258 4267 61 242265 171
259 8025 114 356267 251
260 7453 106 369073 260
261 4839 69 241396 170
262 5771 86 221626 156
263 6246 90 258669 182
264 5891 89 239990 169
265 5817 84 241774 170
266 4004 56 242360 171
267 6149 86 369785 261
268 5903 83 358795 253
269 4004 56 243860 172
270 8008 112 486220 343
271 4004 56 242360 171
272 8008 112 484720 342
273 4004 56 242360 171
274 4084 58 242360 171
275 8168 116 484720 342
276 4044 57 242360 171
277 8111 113 483220 341
278 3901 55 233865 165
279 8048 113 484720 342
280 4044 57 242360 171
281 8008 112 484720 342
282 1487 23 82455 58
283 4004 56 242360 171
284 8128 115 486220 343
285 5720 80 342800 242
286 6292 88 385780 272
287 4044 57 242360 171
288 8008 112 486220 343
289 4004 56 242360 171
290 7963 109 426666 304
291 6921 99 237778 167
292 0 0 0 0
293 6406 94 238742 168
294 6709 100 238931 168
295 5817 84 239990 169
296 5817 84 240053 169
297 5817 84 238553 168
298 4450 64 243702 172
299 5828 89 240085 169
300 5205 75 241364 170
301 5228 74 241364 170
302 4267 61 242486 171
303 5411 77 241648 170
304 4267 61 241207 170
305 7350 105 238030 167
306 7087 100 239183 168
307 6961 100 233562 164
308 7802 110 252209 177
309 13167 189 465246 327
310 1430 20 42790 30
311 13230 189 433081 304
312 3106 43 94075 66
313 7561 115 387972 268
314 7207 103 237967 167
