0 1048 4 237 3
1 0 0 0 0
2 0 0 0 0
3 0 0 0 0
4 0 0 0 0
5 0 0 0 0
6 0 0 0 0
7 0 0 0 0
8 0 0 44 1
9 0 0 0 0
10 1264 11 1372 10
11 638 6 696 5
12 752 7 788 7
13 0 0 0 0
14 0 0 0 0
15 0 0 0 0
16 0 0 0 0
17 638 6 696 5
18 1236 11 1392 10
19 0 0 0 0
20 0 0 0 0
21 0 0 0 0
22 0 0 0 0
23 0 0 0 0
24 0 0 0 0
25 0 0 0 0
26 0 0 0 0
27 1600 9 980 8
28 9102 53 6657 54
29 4106 29 3744 28
30 0 0 0 0
31 0 0 0 0
32 0 0 0 0
33 0 0 0 0
34 0 0 0 0
35 4920 26 1966 22
36 11549 88 10330 84
37 3060 20 1106 14
38 351 4 158 2
39 0 0 0 0
40 0 0 0 0
41 0 0 0 0
42 0 0 0 0
43 1344 6 623 5
44 0 0 0 0
45 11669 199 1318345 914
46 7340 152 1324683 901
47 3001 64 477061 324
48 2721 57 495061 336
49 2498 53 461838 313
50 1532 32 278392 189
51 2864 59 492364 337
52 6239 36 4380 35
53 1554 8 490 5
54 0 0 0 0
55 0 0 0 0
56 0 0 0 0
57 0 0 0 0
58 222 2 119 2
59 2972 27 11375 26
60 8934 91 172374 177
61 10915 202 1465323 999
62 7553 140 1061281 723
63 2593 39 297696 207
64 1252 25 194476 132
65 0 0 0 0
66 17943 174 346847 331
67 7626 147 1105602 751
68 3731 68 492834 336
69 1934 36 245241 169
70 6658 94 239057 168
71 8459 128 486279 336
72 3419 53 244624 171
73 13682 194 478114 336
74 58235 112 188551 146
75 15280 159 722684 536
76 2879 39 243519 175
77 2976 44 253736 180
78 4326 76 482774 336
79 1931 38 245553 169
80 6055 82 237595 171
81 0 0 0 0
82 6658 94 239057 168
83 9518 134 334727 235
84 10559 149 381386 268
85 6006 84 212230 149
86 10439 146 384607 270
87 8151 114 291779 205
88 9581 134 347785 244
89 6578 92 238062 167
90 6721 94 239120 168
91 13379 188 477182 335
92 6578 92 235062 165
93 7693 112 238093 167
94 7350 105 238093 167
95 0 0 0 0
96 0 0 0 0
97 0 0 0 0
98 0 0 0 0
99 0 0 0 0
100 0 0 0 0
101 0 0 0 0
102 0 0 0 0
103 0 0 0 0
104 0 0 0 0
105 0 0 0 0
106 0 0 0 0
107 0 0 0 0
108 0 0 0 0
109 0 0 0 0
110 0 0 0 0
111 0 0 0 0
112 0 0 0 0
113 0 0 0 0
114 0 0 0 0
115 15306 222 571210 398
116 39631 586 1520880 1062
117 4490 65 135649 95
118 7430 107 238251 167
119 0 0 0 0
120 6040 88 240036 167
121 0 0 0 0
122 7779 111 231066 162
123 0 0 0 0
124 8105 116 235282 165
125 5760 81 183808 129
126 1716 24 54348 38
127 0 0 0 0
128 0 0 44 1
129 0 0 0 0
130 0 0 0 0
131 0 0 0 0
132 0 0 0 0
133 25492 379 1196652 827
134 31276 448 1036811 728
135 12681 180 421649 296
136 3471 60 301286 204
137 0 0 0 0
138 3111 51 243859 167
139 5880 84 179655 126
140 1962 27 57064 40
141 0 0 0 0
142 7470 108 237872 167
143 0 0 0 0
144 7573 109 239372 168
145 0 0 0 0
146 7001 101 236404 166
147 0 0 0 0
148 7270 103 239246 168
149 0 0 0 0
150 7024 100 239183 168
151 0 0 0 0
152 3357 54 243842 167
153 0 0 0 0
154 8265 120 235345 165
155 4593 66 131149 92
156 3369 48 106975 75
157 6721 94 239120 168
158 10084 145 356770 251
159 3432 48 121281 85
160 0 0 0 0
161 0 0 0 0
162 0 0 0 0
163 0 0 0 0
164 0 0 0 0
165 0 0 0 0
166 0 0 0 0
167 0 0 0 0
168 0 0 0 0
169 0 0 0 0
170 26781 375 926590 651
171 35075 491 1246551 877
172 22817 320 808625 568
173 1573 22 59780 42
174 0 0 0 0
175 9477 144 483531 333
176 0 0 0 0
177 7796 113 237998 167
178 0 0 0 0
179 6435 90 238931 168
180 67370 121 179232 147
181 7001 101 237557 167
182 8700 123 284405 200
183 9609 141 310584 218
184 10084 145 361838 254
185 6738 96 239278 168
186 549 9 16832 12
187 6898 100 237557 167
188 6698 95 239278 168
189 7001 101 239341 168
190 6515 92 239057 168
191 13808 194 477087 335
192 5514 78 241387 169
193 13659 195 479614 337
194 4833 72 241962 167
195 0 0 0 0
196 4667 71 240336 166
197 6206 89 240202 168
198 6698 95 239057 168
199 6801 96 239120 168
200 11966 170 414181 291
201 8534 122 301837 212
202 6824 95 239120 168
203 10273 145 369828 260
204 9724 136 347343 244
205 6538 91 238994 168
206 6761 95 239160 169
207 43492 197 447887 335
208 6721 94 240557 169
209 6578 92 239057 168
210 9581 134 341564 240
211 10193 143 368833 259
212 6578 92 237778 167
213 3385 61 244120 168
214 7001 101 220756 155
215 5005 70 180840 127
216 9049 127 313174 220
217 6658 94 239183 168
218 0 0 0 0
219 7167 102 237462 167
220 7007 98 239183 168
221 7104 102 237904 167
222 13213 187 480056 337
223 6944 98 239183 168
224 6841 97 239120 168
225 6864 96 239404 168
226 11869 166 415397 292
227 8151 114 301711 212
228 6778 97 239057 168
229 6961 100 237841 167
230 8351 119 283631 199
231 12338 173 431518 303
232 2991 48 244568 167
233 0 0 0 0
234 7756 112 237935 167
235 2900 41 98291 69
236 4513 64 139739 98
237 13585 190 475461 334
238 6578 92 242057 170
239 6578 92 239278 168
240 37383 112 225946 179
241 12870 180 457350 321
242 6721 94 239120 168
243 6681 93 239057 168
244 73542 206 417879 315
245 6578 92 239057 168
246 7172 99 239392 170
247 13156 184 478272 336
248 6864 96 239183 168
249 6721 94 239120 168
250 9187 127 298037 212
251 6475 91 220788 155
252 6578 92 237778 167
253 6595 94 240494 169
254 13871 194 475650 334
255 7110 99 239246 168
256 6578 92 239057 168
257 13808 194 478303 336
258 7207 103 239183 168
259 4896 72 241047 167
260 6898 100 239057 168
261 6818 98 239278 168
262 7201 106 237841 167
263 0 0 0 0
264 7596 108 236751 166
265 7699 109 238314 167
266 3231 54 244017 167
267 7001 101 239246 168
268 7573 109 237967 167
269 7167 102 237904 167
270 3615 51 119686 84
271 4290 60 132586 93
272 4433 62 132649 93
273 4147 58 128307 90
274 5416 85 305328 210
275 4513 64 141081 99
276 4147 58 128307 90
277 4433 62 136865 96
278 4290 60 128370 90
279 4290 60 128370 90
280 4290 60 132586 93
281 4290 60 128370 90
282 5416 85 305328 210
283 4250 59 132523 93
284 4330 61 132649 93
285 532 7 12837 9
286 3758 53 115533 81
287 4290 60 128370 90
288 4290 60 128370 90
289 4290 60 132586 93
290 4330 61 128414 91
291 5296 82 313840 218
292 532 7 12837 9
293 0 0 0 0
294 0 0 0 0
295 0 0 0 0
296 0 0 0 0
297 4147 58 124091 87
298 4290 60 128370 90
299 5376 84 305328 210
300 4290 60 136802 96
301 4290 60 128370 90
302 4290 60 132586 93
303 4290 60 128370 90
304 4330 61 145234 102
305 4290 60 128370 90
306 24572 356 891236 621
307 7865 110 239561 168
308 4290 60 132586 93
309 5456 86 309544 213
310 4290 60 136802 96
311 4290 60 128370 90
312 4290 60 132586 93
313 4290 60 132586 93
314 4290 60 132586 93
315 4290 60 128370 90
316 13968 198 452881 318
317 16276 159 450761 316
318 4290 60 136802 96
319 4290 60 128370 90
320 1430 20 42790 30
321 715 10 25611 18
322 4290 60 132586 93
323 4290 60 128370 90
324 4290 60 128370 90
325 4290 60 128370 90
326 4290 60 132586 93
327 5336 83 313760 216
328 4290 60 136802 96
329 4393 61 128370 90
330 4187 59 132586 93
331 4290 60 132586 93
332 4290 60 132586 93
333 4290 60 128370 90
334 4393 61 128370 90
335 5216 80 305328 210
336 4290 60 136802 96
337 4187 59 128370 90
338 4290 60 132586 93
339 4290 60 128370 90
340 4290 60 145234 102
341 4290 60 128370 90
342 4290 60 132586 93
343 5296 82 305328 210
344 4290 60 136802 96
345 4290 60 132586 93
346 4290 60 145234 102
347 4290 60 132586 93
348 4290 60 132586 93
349 23560 337 871341 607
350 9009 126 272293 191
351 4290 60 132586 93
352 5496 87 313823 216
353 4290 60 136802 96
354 4290 60 128414 91
355 24388 261 610962 433
356 4290 60 132586 93
357 15665 242 782583 540
358 19493 281 592903 416
359 0 0 0 0
360 0 0 0 0
361 0 0 0 0
362 0 0 0 0
363 4095 63 199687 140
364 0 0 0 0
365 0 0 0 0
366 0 0 0 0
367 0 0 0 0
368 0 0 0 0
369 0 0 0 0
370 0 0 0 0
371 0 0 0 0
372 0 0 0 0
373 0 0 0 0
374 0 0 0 0
375 0 0 0 0
376 0 0 0 0
377 0 0 0 0
378 10255 154 454967 315
379 0 0 0 0
380 0 0 0 0
381 0 0 0 0
382 0 0 0 0
383 11416 172 489136 339
384 19099 268 581755 408
385 29832 353 890742 625
386 3512 50 106912 75
387 0 0 0 0
388 0 0 0 0
389 0 0 0 0
390 0 0 0 0
391 0 0 0 0
392 0 0 0 0
393 0 0 0 0
394 4524 69 246212 172
395 0 0 0 0
396 5823 81 175376 123
397 9049 127 278072 195
398 0 0 0 0
399 0 0 0 0
400 0 0 0 0
401 0 0 0 0
402 0 0 0 0
403 0 0 0 0
404 0 0 0 0
405 8516 131 395061 273
406 4187 59 128370 90
407 429 6 12837 9
408 0 0 0 0
409 12704 179 393353 276
410 24685 270 602467 427
411 4290 60 132586 93
412 5256 81 306828 211
413 1224 18 41227 29
414 0 0 0 0
415 646 13 50678 35
416 3346 49 144730 102
417 0 0 0 0
418 0 0 0 0
419 0 0 0 0
420 0 0 0 0
421 0 0 0 0
422 0 0 0 0
423 0 0 0 0
424 0 0 0 0
425 0 0 0 0
426 0 0 0 0
427 0 0 0 0
428 0 0 0 0
429 18995 278 746832 519
430 40808 418 799742 641
431 58034 481 536916 557
432 56746 393 476095 505
433 8796 45 5892 44
434 0 0 0 0
435 35024 176 23568 176
436 41146 207 27490 205
437 16224 83 11080 83
438 4042 21 2674 20
439 0 0 0 0
440 0 0 0 0
441 0 0 0 0
442 0 0 0 0
443 0 0 0 0
444 0 0 0 0
445 0 0 0 0
446 0 0 0 0
447 0 0 0 0
448 0 0 0 0
449 0 0 0 0
450 0 0 0 0
451 25494 357 883863 621
452 33908 476 1191132 837
453 24224 341 874927 615
454 6618 93 239278 168
455 70396 162 312694 238
456 9724 136 344848 242
457 6309 90 240383 168
458 7144 103 237904 167
459 66678 110 178759 147
460 6864 96 239183 168
461 6721 94 237841 167
462 7510 109 239246 168
463 7344 108 238030 167
464 6938 101 239278 168
465 6818 98 239183 168
466 2551 37 83891 59
467 4513 64 153729 108
468 0 0 0 0
469 0 0 0 0
470 0 0 0 0
471 15798 228 596815 419
472 21426 312 840617 586
473 0 0 0 0
474 7184 104 237967 167
475 2265 33 89607 63
476 6777 108 395559 271
477 7310 104 246746 173
478 12086 173 424334 298
479 2368 34 87112 61
480 12687 177 435797 306
481 8208 117 281847 198
482 12149 173 435324 306
483 6332 89 226283 159
484 0 0 0 0
485 7063 112 360703 249
486 12115 169 366652 257
487 7619 107 238093 167
488 7167 102 237967 167
489 3758 53 119749 84
490 5216 80 305328 210
491 4290 60 132586 93
492 4290 60 136802 96
493 4290 60 132586 93
494 4290 60 132586 93
495 4290 60 128370 90
496 4290 60 128370 90
497 4290 60 136802 96
498 5256 81 305328 210
499 4290 60 128370 90
500 4290 60 136802 96
501 4290 60 136802 96
502 4290 60 136802 96
503 4290 60 136802 96
504 4290 60 136802 96
505 4290 60 128370 90
506 5296 82 309544 213
507 4290 60 141018 99
508 4290 60 132586 93
509 24548 265 615115 436
510 4330 61 136865 96
511 9889 148 450562 312
512 22142 311 680109 477
513 4290 60 128370 90
514 5176 79 309544 213
515 4290 60 128370 90
516 4290 60 132586 93
517 4290 60 136802 96
518 4290 60 132586 93
519 4290 60 132586 93
520 4290 60 128370 90
521 4290 60 132586 93
522 4290 60 132586 93
523 5256 81 305328 210
524 2574 36 77022 54
525 469 7 17116 12
526 0 0 0 0
527 4175 65 199687 140
528 1247 17 42664 30
529 32724 459 1137320 799
530 11588 170 542917 377
531 7167 102 228035 160
532 0 0 0 0
533 7390 106 238030 167
534 0 0 0 0
535 8065 115 238219 167
536 0 0 0 0
537 4833 72 240969 167
538 6698 95 238994 168
539 14071 199 477150 335
540 6578 92 237778 167
541 7230 102 251957 177
542 12727 178 465277 327
543 36874 104 207433 167
544 6578 92 239278 168
545 13419 189 478114 336
546 6721 94 237620 167
547 66821 112 180543 148
548 11583 162 404407 284
549 8660 122 311674 219
550 6578 92 239057 168
551 10868 152 388507 273
552 10010 140 327889 230
553 6578 92 239057 168
554 11297 158 388917 273
555 9438 132 328853 231
556 6721 94 239057 168
557 7865 110 285005 200
558 12132 171 431392 303
559 66861 113 178822 147
560 6681 93 239057 168
561 10479 147 377107 265
562 9438 132 340064 239
563 6864 96 239183 168
564 6721 94 239278 168
565 7550 110 236656 166
566 864 9 22058 15
567 1012 19 31500 21
568 8692 148 265524 188
569 26745 393 870157 611
570 5073 78 239816 167
571 0 0 0 0
572 5714 83 241473 168
573 7104 102 239183 168
574 0 0 0 0
575 7310 104 236593 166
576 6738 96 239120 168
577 6755 98 238994 168
578 6778 97 238062 167
579 7247 104 239246 168
580 7341 108 237620 167
581 7390 106 238093 167
582 2985 51 245296 168
583 429 6 12837 9
584 11319 168 484920 336
585 7293 102 219729 154
586 6921 99 239120 168
587 7018 103 237778 167
588 0 0 0 0
589 6755 98 239783 168
590 6778 97 239057 168
591 6961 100 237904 167
592 0 0 0 0
593 7327 106 239183 168
594 7104 102 237683 167
595 6801 96 239120 168
596 6921 99 237620 167
597 6881 98 239120 168
598 6578 92 240778 169
599 7167 102 239246 168
600 7407 108 237967 167
601 6555 93 238994 168
602 7024 100 239120 168
603 14008 199 478303 336
604 6698 95 239278 168
605 6984 99 239404 168
606 6698 95 239057 168
607 0 0 0 0
608 6475 91 239057 168
609 6818 98 238994 168
610 7167 102 238899 168
611 6984 99 239120 168
612 6961 100 239057 168
613 7230 102 239246 168
614 6761 95 237778 167
615 0 0 0 0
616 66489 110 180417 148
617 14008 199 475745 334
618 6858 99 237778 167
619 6818 98 239278 168
620 7127 101 239246 168
621 1836 27 62496 44
622 6795 99 237778 167
623 11457 162 397349 279
624 9152 128 319079 224
625 6578 92 237778 167
626 7373 104 268947 189
627 12441 174 449661 316
628 6595 94 238994 168
629 6715 97 237778 167
630 7241 107 238188 167
631 0 0 0 0
632 5674 82 241347 168
633 0 0 0 0
634 2785 46 245359 168
635 4404 66 242042 167
636 7047 99 237967 167
637 0 0 0 0
638 4261 64 243195 168
639 4364 65 241979 167
640 4936 73 240937 168
641 3386 50 123997 87
642 1979 29 117224 81
643 6938 101 239183 168
644 0 0 1500 1
645 13968 198 476929 335
646 6515 92 237715 167
647 6578 92 240778 169
648 7104 102 239120 168
649 6492 93 238931 168
650 6864 96 239183 168
651 6921 99 239183 168
652 6818 98 239120 168
653 0 0 0 0
654 7144 103 239404 168
655 6675 96 239057 168
656 7167 102 239183 168
657 6681 93 239120 168
658 6961 100 237841 167
659 6881 98 239057 168
660 6841 97 239120 168
661 7001 101 239120 168
662 6778 97 239278 168
663 6835 100 239120 168
664 6944 98 237904 167
665 7041 102 239057 168
666 13299 186 479614 337
667 6578 92 239057 168
668 4341 66 243227 168
669 6595 94 239101 169
670 5977 88 240139 168
671 2162 32 75554 53
672 5617 79 186524 131
673 9764 137 338627 238
674 4164 60 136739 96
675 7087 100 237967 167
676 12864 183 456782 321
677 6721 94 240557 169
678 7207 103 238030 167
679 6778 97 239120 168
680 6921 99 239057 168
681 7224 105 235188 165
682 7287 105 237967 167
683 6721 94 237778 167
684 6921 99 239120 168
685 7241 107 237904 167
686 4930 76 240864 165
687 3912 60 241687 166
688 4049 65 243122 166
689 7001 101 239120 168
690 6475 91 240494 169
691 6778 97 237778 167
692 7064 101 239057 168
693 6578 92 238994 168
694 0 0 0 0
695 0 0 0 0
696 0 0 0 0
697 13733 200 528294 368
698 6904 97 218103 153
699 0 0 0 0
700 0 0 0 0
701 0 0 0 0
702 103 1 0 0
703 35704 502 1221400 858
704 29435 413 1020539 717
705 10433 149 350311 246
706 6778 97 239057 168
707 1121 17 37169 26
708 5960 86 201951 142
709 7024 100 239120 168
710 4564 70 240511 166
711 6921 99 239120 168
712 7287 105 238030 167
713 6944 98 239246 168
714 7064 101 239278 168
715 1327 19 42790 30
716 12904 184 432671 304
717 3718 52 104133 73
718 4364 65 152229 107
719 0 0 0 0
720 0 0 0 0
721 0 0 0 0
722 0 0 0 0
723 0 0 0 0
724 0 0 0 0
725 0 0 0 0
726 0 0 0 0
727 0 0 0 0
728 0 0 0 0
729 0 0 0 0
730 0 0 0 0
731 0 0 0 0
732 0 0 0 0
733 0 0 0 0
734 0 0 0 0
735 21819 336 943523 652
736 43001 623 1402492 985
737 7127 101 237967 167
738 7024 100 239120 168
739 7127 101 239246 168
740 1144 16 42664 30
741 13556 194 433144 304
742 961 13 25674 18
743 7739 110 253583 178
744 5880 84 196456 138
745 0 0 0 0
746 0 0 0 0
747 0 0 0 0
748 0 0 0 0
749 8076 80 164114 134
750 20182 323 1748738 1219
751 8721 113 264465 193
752 6435 90 238994 168
753 7956 117 236656 166
754 6681 93 240494 169
755 0 0 0 0
756 0 0 0 0
757 0 0 0 0
758 0 0 0 0
759 0 0 0 0
760 0 0 0 0
761 198 3 158 2
762 0 0 0 0
763 0 0 0 0
764 0 0 0 0
765 20378 208 478376 340
766 17061 258 689493 480
767 40243 595 1512437 1051
768 4175 65 241584 166
769 0 0 13500 9
770 1693 25 45569 32
771 4816 70 193236 136
772 3048 51 244080 167
773 0 0 0 0
774 226877 167 20330 70
775 0 0 0 0
776 12083 140 229844 184
777 0 0 0 0
778 13316 126 159177 149
779 2288 32 68464 48
780 247212 165 1393 31
781 228775 171 15508 141
782 246000 164 1764 39
783 490500 327 4251 90
784 246000 164 2113 49
785 246000 164 1615 34
786 197305 171 49282 47
787 78000 52 1343 32
788 656632 438 7310 170
789 157700 110 9692 55
790 706016 474 14487 220
791 332768 223 4186 97
792 430660 291 14283 138
793 254823 211 60301 263
794 7428 98 159355 120
795 7217 96 152045 114
796 7624 105 170943 129
797 8374 106 174544 132
798 5193 78 122297 92
799 17501 229 389831 293
800 50928 462 984333 745
801 5640 65 134744 100
802 8049 116 237046 170
803 0 0 0 0
804 0 0 0 0
805 11464 126 232468 186
806 11010 120 234863 186
807 6801 96 237841 167
808 0 0 0 0
809 0 0 0 0
810 0 0 0 0
811 0 0 0 0
812 0 0 0 0
813 0 0 0 0
814 0 0 0 0
815 0 0 0 0
816 0 0 0 0
817 6234 96 293075 203
818 12561 177 393479 276
819 0 0 0 0
820 0 0 0 0
821 728080 497 14126 107
822 247500 165 1273 28
823 492744 329 3300 59
824 245412 178 3244 43
825 391760 266 3255 75
826 104476 106 23130 94
827 541760 387 8877 149
828 479840 324 5284 127
829 1500 1 0 0
830 340552 228 2729 52
831 919632 616 25917 514
832 199500 133 1919 39
833 490404 327 4215 92
834 492000 328 3856 77
835 245528 170 3197 58
836 218927 201 23200 57
837 241957 165 6003 41
838 87970 67 8538 96
839 3998 26 38467 97
840 8016 53 87151 72
841 1644119 1143 96357 393
842 241540 162 5743 71
843 205500 137 2884 67
844 139531 94 1964 44
845 279000 186 4211 96
846 603040 403 17067 198
847 796962 534 12934 183
848 244500 163 2244 51
849 0 0 0 0
850 484462 327 12104 75
851 495040 331 1879 31
852 477665 336 12687 188
853 3234 13 12523 15
854 12933 89 96759 93
855 28571 258 394382 297
856 1498201 1118 171073 292
857 247500 165 1495 31
858 5271 54 96633 76
859 5956 70 136840 108
860 11569 126 232234 184
861 21944 238 465949 367
862 23707 124 16056 124
863 45563 233 30127 233
864 46655 242 31338 242
865 42871 388 1196299 938
866 3268 45 243477 171
867 11015 119 233826 186
868 11905 127 231194 185
869 0 0 0 0
870 0 0 0 0
871 0 0 0 0
872 0 0 0 0
873 0 0 0 0
874 0 0 0 0
875 0 0 0 0
876 4398 69 243227 168
877 232618 187 4367 32
878 492000 328 3379 73
879 237940 170 6726 139
880 228045 213 15445 116
881 244500 163 2615 59
882 354000 236 4295 101
883 379500 253 3557 80
884 566632 378 6088 142
885 222000 148 2764 64
886 421500 281 5157 120
887 478500 319 5608 130
888 530632 354 6911 159
889 623712 418 8588 195
890 500632 334 6408 150
891 543437 367 6790 143
892 51652 93 51908 193
893 22321 132 134399 137
894 1165912 811 43362 173
895 246000 164 1604 35
896 213000 142 684 12
897 0 0 0 0
898 242520 162 2844 66
899 135554 91 1218 26
900 92 2 6138 76
901 698572 557 211435 291
902 552000 368 4216 83
903 247500 165 1335 27
904 108409 237 129698 245
905 445451 350 46762 142
906 5706 37 32845 44
907 18689 171 210186 172
908 994262 687 37880 149
909 160037 117 19428 58
910 198257 168 47703 41
911 245308 168 13064 66
912 213640 158 25200 85
913 181620 124 19431 304
914 537918 363 12331 185
915 499662 364 30143 188
916 259380 243 120958 145
917 474800 336 69585 144
918 10744 117 233498 206
919 3915 81 491802 331
920 2640 42 245840 166
921 2521 52 244365 165
922 3566 68 333919 229
923 1972 33 155157 108
924 20191 224 414069 328
925 8461 79 154810 124
926 16923 185 346626 279
927 15943 153 235453 210
928 42833 222 28865 223
929 45014 231 29780 230
930 31736 168 21713 168
931 0 0 0 0
932 0 0 0 0
933 0 0 0 0
934 0 0 0 0
935 0 0 0 0
936 0 0 0 0
937 0 0 0 0
938 0 0 0 0
939 17446 91 223346 178
940 1687997 1219 128158 358
941 0 0 0 0
942 0 0 0 0
943 100500 67 5624 31
944 523172 350 10459 147
945 238760 162 9857 25
946 468466 337 26598 91
947 245764 164 1884 42
948 490454 329 2226 48
949 11683 11 7254 71
950 31540 22 870 17
951 161072 117 16596 179
952 2587 23 22734 27
953 795099 535 14764 144
954 247500 165 1495 31
955 0 0 0 0
956 0 0 0 0
957 199354 180 46908 74
958 29043 132 213639 238
959 246000 164 1803 39
960 244540 164 2495 56
961 247132 165 1575 33
962 523317 374 91707 135
963 2889 22 38165 104
964 2750 21 30722 28
965 2221 10 13105 11
966 0 0 0 0
967 1380 18 24939 21
968 1415 8 9980 7
969 0 0 0 0
970 0 0 0 0
971 1135 1 0 0
972 0 0 0 0
973 103 1 0 0
974 0 0 0 0
975 0 0 0 0
976 0 0 0 0
977 0 0 0 0
978 0 0 0 0
979 0 0 0 0
980 3364 27 26994 28
981 1002868 945 426080 490
982 102000 68 1510 33
983 245289 164 2484 57
984 246000 164 1393 31
985 205012 174 41179 54
986 26141 177 208549 257
987 441482 348 57487 130
988 133500 89 1702 40
989 200848 135 2313 54
990 876996 586 16161 280
991 211408 142 6083 43
992 230635 154 1724 38
993 10800 159 232236 174
994 10460 157 232065 172
995 12144 160 231422 177
996 12046 165 230057 178
997 24723 316 461288 362
998 16810 237 362519 277
999 26215 287 321710 284
1000 217678 178 31238 32
1001 0 0 40 1
1002 489234 334 6391 30
1003 16860 20 14866 15
1004 3800 22 30000 20
1005 424221 289 15396 124
1006 52 1 3158 59
1007 0 0 760 16
1008 1500 1 412 10
1009 67684 49 21198 333
1010 362477 427 326454 329
1011 429000 286 4437 102
1012 8931 138 193170 143
1013 0 0 0 0
1014 6746 98 135327 105
1015 10405 135 196062 155
1016 10745 133 187541 151
1017 28740 151 19460 151
1018 26555 139 18051 139
1019 50101 258 33451 258
1020 31146 163 21018 163
1021 0 0 0 0
1022 0 0 0 0
1023 0 0 0 0
1024 1641 30 72010 50
1025 0 0 0 0
1026 4638 81 199416 140
1027 0 0 0 0
1028 0 0 0 0
1029 0 0 0 0
1030 0 0 0 0
1031 0 0 0 0
1032 0 0 0 0
1033 0 0 0 0
1034 33518 545 1111671 774
1035 3483 54 97296 68
1036 4970 77 141018 99
1037 11072 176 333164 234
1038 8681 143 236404 166
1039 7041 102 237904 167
1040 40 1 2779 2
1041 0 0 0 0
1042 0 0 0 0
1043 13548 40 19287 39
1044 5931 29 35067 41
1045 3991 46 124190 90
1046 204517 165 44253 41
1047 246000 164 1833 42
1048 243040 163 5734 33
1049 487500 325 7328 63
1050 493500 329 3197 71
1051 253561 192 33604 80
1052 683369 486 19508 101
1053 399000 266 7094 67
1054 109739 196 130410 199
1055 491632 328 4648 106
1056 246000 164 1873 43
1057 247500 165 495 6
1058 5276 36 41922 119
1059 1903 15 28540 20
1060 959991 765 195357 245
1061 484691 325 12102 80
1062 494632 330 1757 35
1063 0 0 0 0
1064 248904 166 639 7
1065 464794 311 21913 387
1066 322367 229 26529 176
1067 2195 14 17726 18
1068 1830 6 8686 7
1069 219 2 179 1
1070 0 0 0 0
1071 1799 13 16529 18
1072 1293026 999 203166 447
1073 481580 323 13004 100
1074 243570 163 5043 17
1075 0 0 0 0
1076 244500 163 2844 66
1077 431372 321 63968 89
1078 217304 146 6232 48
1079 366040 245 9597 128
1080 511500 341 9208 147
1081 352540 236 8185 93
1082 2893 27 49929 107
1083 15054 67 88701 85
1084 29763 294 457678 353
1085 319965 344 223051 249
1086 483120 325 11896 77
1087 0 0 0 0
1088 9181 116 236462 177
1089 0 0 0 0
1090 7853 108 237468 174
1091 9163 114 233441 174
1092 3400 48 92939 69
1093 6941 90 170833 130
1094 8913 103 236155 179
1095 13594 152 230604 189
1096 9062 108 235199 178
1097 12615 141 231307 185
1098 0 0 0 0
1099 8894 100 236160 180
1100 0 0 0 0
1101 12934 144 230009 184
1102 0 0 0 0
1103 0 0 0 0
1104 11038 130 233560 181
1105 4208 46 121150 90
1106 0 0 0 0
1107 7348 85 166429 126
1108 2176 24 69820 51
1109 11454 133 230599 182
1110 0 0 0 0
1111 4580 59 120129 89
1112 0 0 0 0
1113 9874 120 235048 175
1114 0 0 0 0
1115 7041 102 237620 167
1116 0 0 0 0
1117 5216 80 240952 167
1118 0 0 0 0
1119 0 0 0 0
1120 7344 108 239246 168
1121 0 0 0 0
1122 4787 74 241073 178
1123 0 0 0 0
1124 7430 107 239579 169
1125 0 0 0 0
1126 0 0 0 0
1127 7127 101 237746 167
1128 0 0 0 0
1129 37200 109 207582 166
1130 6761 95 239057 168
1131 4576 64 158008 111
1132 8723 122 306463 215
1133 41633 171 378720 287
1134 6618 93 239057 168
1135 6721 94 237841 167
1136 12807 180 448350 315
1137 7293 102 268947 189
1138 6721 94 237841 167
1139 9907 139 362770 255
1140 16965 190 345633 287
1141 6435 90 238994 168
1142 64503 133 231053 173
1143 12292 175 430113 302
1144 6875 101 239057 168
1145 6818 98 239278 168
1146 22590 204 468340 329
1147 3226 46 111002 78
1148 10473 150 365896 257
1149 6738 96 237778 167
1150 7001 101 239120 168
1151 67124 118 179106 147
1152 12967 184 436855 307
1153 8288 119 279352 196
1154 7064 101 239404 168
1155 6715 97 237778 167
1156 6858 99 238994 168
1157 8534 122 298837 210
1158 12332 176 417307 293
1159 6635 95 238994 168
1160 6898 100 237778 167
1161 6818 98 238994 168
1162 6841 97 239120 168
1163 12824 182 439792 309
1164 7493 107 277663 195
1165 6795 99 237538 168
1166 7121 104 237620 167
1167 6595 94 239057 168
1168 10187 146 347406 244
1169 10919 158 369180 259
1170 7081 103 239341 168
1171 67061 118 178683 138
1172 6938 101 237557 167
1173 7064 101 239183 168
1174 6875 101 239341 168
1175 0 0 0 0
1176 6898 100 238062 167
1177 2471 35 77022 54
1178 4290 60 136802 96
1179 4290 60 128370 90
1180 4290 60 136802 96
1181 4913 74 237889 164
1182 4290 60 128370 90
1183 4290 60 136802 96
1184 4290 60 136802 96
1185 4290 60 132586 93
1186 4290 60 128370 90
1187 4290 60 128370 90
1188 4290 60 128370 90
1189 4290 60 136802 96
1190 4793 71 237889 164
1191 4290 60 141018 99
1192 4290 60 136802 96
1193 4290 60 132586 93
1194 4290 60 141018 99
1195 4393 61 141018 99
1196 33734 500 1202349 837
1197 19928 284 608677 427
1198 2871 45 169591 117
1199 4393 61 132586 93
1200 4290 60 128370 90
1201 12148 184 528769 367
1202 0 0 0 0
1203 0 0 0 0
1204 3392 47 104133 73
1205 4953 75 233713 162
1206 4330 61 135365 95
1207 4250 59 128307 90
1208 4290 60 132586 93
1209 4330 61 141081 99
1210 4290 60 132586 93
1211 4290 60 128370 90
1212 4290 60 136802 96
1213 4953 75 233713 162
1214 4290 60 132586 93
1215 4330 61 136802 96
1216 4250 59 128370 90
1217 4370 62 136802 96
1218 4290 60 136802 96
1219 4290 60 128370 90
1220 4558 62 137074 98
1221 4833 72 237889 164
1222 4290 60 128370 90
1223 4290 60 136802 96
1224 4290 60 132586 93
1225 4290 60 136802 96
1226 4004 56 119812 84
1227 4576 64 136928 96
1228 4290 60 128370 90
1229 4290 60 136802 96
1230 4873 73 237933 165
1231 16662 237 563631 396
1232 12216 89 196781 142
1233 4290 60 128370 90
1234 16679 239 563568 396
1235 11461 78 166954 121
1236 4290 60 128370 90
1237 4598 63 128642 92
1238 4993 76 229497 159
1239 4290 60 132586 93
1240 4290 60 128370 90
1241 4290 60 128370 90
1242 4290 60 128370 90
1243 4290 60 128370 90
1244 4290 60 136802 96
1245 4290 60 136802 96
1246 5073 78 237889 164
1247 4290 60 128370 90
1248 4290 60 128370 90
1249 18176 278 761257 527
1250 36485 542 1595268 1110
1251 532 7 28706 20
1252 3003 42 102507 72
1253 4793 71 242145 168
1254 4290 60 132586 93
1255 4290 60 132586 93
1256 7726 127 419687 290
1257 12904 184 407785 286
1258 1716 24 51348 36
1259 4290 60 136802 96
1260 4290 60 136802 96
1261 4290 60 132586 93
1262 11319 168 480887 336
1263 5256 81 239492 166
1264 1430 20 42790 30
1265 4330 61 128370 90
1266 4290 60 132586 93
1267 4370 62 145234 102
1268 4290 60 136802 96
1269 4290 60 136802 96
1270 4753 70 237929 165
1271 4147 58 124091 87
1272 4433 62 141081 99
1273 12229 175 373395 262
1274 16188 228 465264 329
1275 550 4 416 3
1276 0 0 0 0
1277 8253 126 407726 284
1278 18537 276 875957 610
1279 7087 100 237746 167
1280 0 0 0 0
1281 0 0 0 0
1282 0 0 0 0
1283 17666 281 967964 666
1284 1635 33 245249 168
1285 0 0 0 0
1286 0 0 0 0
1287 0 0 0 0
1288 24995 365 955833 665
1289 7224 105 239404 168
1290 6778 97 239057 168
1291 6406 94 240242 169
1292 0 0 0 0
1293 0 0 0 0
1294 7550 110 238030 167
1295 0 0 0 0
1296 6612 96 205140 144
1297 0 0 0 0
1298 4787 74 242120 167
1299 3029 51 242700 169
1300 66821 112 179043 147
1301 7984 106 236124 176
1302 6761 95 239120 168
1303 6721 94 239341 168
1304 7173 99 237841 167
1305 0 0 0 0
1306 0 0 0 0
1307 3500 56 243621 167
1308 0 0 0 0
1309 0 0 0 0
1310 7476 105 260452 183
1311 72867 197 396768 300
1312 6515 92 238994 168
1313 7287 105 239246 168
1314 240040 161 9633 18
1315 244252 163 2324 53
1316 246000 164 2057 45
1317 244500 163 2033 47
1318 246000 164 1604 35
1319 243196 166 4823 48
1320 217664 148 4224 64
1321 267040 179 4354 96
1322 162811 113 6571 45
1323 487500 325 9010 66
1324 400 10 24112 55
1325 120 3 24000 16
1326 3251 44 159687 111
1327 10833 114 205287 169
1328 6098 71 111256 91
1329 28251 307 513515 416
1330 15803 165 272042 222
1331 12287 69 72197 81
1332 103954 119 53154 61
1333 246000 164 2004 45
1334 244500 163 2353 55
1335 21406 241 467840 362
1336 12927 161 481858 348
1337 5882 64 130867 98
1338 3309 55 244391 170
1339 1130 16 34712 28
1340 1803 20 34792 30
1341 15314 234 343231 243
1342 10971 220 418500 279
1343 20029 267 478937 354
1344 11812 140 337150 247
1345 16209 167 325935 259
1346 75285 194 315326 247
1347 5060 32 56142 44
1348 162943 200 130165 155
1349 321963 275 58621 133
1350 246000 164 1484 32
1351 478 4 916 6
1352 373933 271 28092 45
1353 0 0 0 0
1354 15000 10 0 0
1355 618104 414 4451 63
1356 239972 160 7340 74
1357 240040 161 5840 73
1358 431570 295 15220 125
1359 164797 116 5920 85
1360 504 8 11440 67
1361 1489 17 17591 16
1362 223 4 4398 5
1363 0 0 0 0
1364 674 11 17272 14
1365 817 7 12916 10
1366 1417 18 30148 23
1367 1937 27 43164 33
1368 5983 75 142206 109
1369 10750 125 234646 181
1370 17046 199 473442 348
1371 8522 103 237180 173
1372 4041 57 242433 170
1373 6611 82 241184 173
1374 0 0 0 0
1375 0 0 0 0
1376 7144 103 239120 168
1377 0 0 0 0
1378 0 0 0 0
1379 87000 58 851 20
1380 114000 76 931 22
1381 16500 11 240 6
1382 135120 93 1433 32
1383 143672 97 2001 44
1384 39040 27 651 15
1385 120040 81 1702 40
1386 151552 102 2347 45
1387 200816 135 2742 66
1388 0 0 0 0
1389 0 0 0 0
1390 108080 74 4280 34
1391 334368 223 4120 103
1392 632447 426 19483 211
1393 175099 133 37200 200
1394 4235 70 135040 91
1395 6227 120 201040 135
1396 11721 112 141863 121
1397 953602 693 83398 138
1398 315000 210 2640 66
1399 15240 16 8925 28
1400 0 0 12044 233
1401 168040 113 7797 165
1402 63000 42 995 23
1403 439694 295 9996 137
1404 683371 457 8630 203
1405 389580 286 48034 161
1406 1525495 1022 27256 343
1407 1800 36 246085 165
1408 2304 40 245317 169
1409 17975 189 354763 283
1410 17145 183 343707 276
1411 21807 238 466978 368
1412 7201 106 244836 172
1413 17525 165 160724 170
1414 10844 98 129576 111
1415 386 2 79 1
1416 2508 3 0 0
1417 40333 202 128742 145
1418 7197 108 183512 127
1419 2721 57 100552 68
1420 6121 120 193500 129
1421 2789 59 102052 69
1422 15961 217 727165 495
1423 4016 77 490500 327
1424 0 0 0 0
1425 0 0 0 0
1426 2915 37 74021 65
1427 175780 124 72260 91
1428 2766 57 493500 329
1429 3051 45 243584 172
1430 15052 134 213505 191
1431 17887 167 240784 218
1432 13848 195 477024 335
1433 13339 187 479614 337
1434 10344 129 287282 208
1435 424413 292 19201 50
1436 0 0 0 0
1437 245764 164 2175 48
1438 223561 183 22444 52
1439 244264 163 2124 48
1440 246000 164 1782 42
1441 225000 150 14384 296
1442 330000 220 3975 93
1443 282000 188 3004 70
1444 338656 226 4295 101
1445 568476 379 7408 175
1446 431169 288 5157 120
1447 314018 210 3095 71
1448 418500 279 5586 132
1449 432960 289 5048 116
1450 262944 176 3324 78
1451 1500 1 0 0
1452 0 0 0 0
1453 0 0 0 0
1454 1500 1 0 0
1455 0 0 0 0
1456 4500 3 52 1
1457 0 0 0 0
1458 0 0 0 0
1459 0 0 0 0
1460 0 0 0 0
1461 0 0 0 0
1462 0 0 0 0
1463 0 0 0 0
1464 1835113 1551 854198 716
1465 489000 326 6900 46
1466 394580 265 19044 80
1467 97742 137 119576 120
1468 260277 288 94972 132
1469 238540 160 1713 39
1470 274500 183 3684 87
1471 1500 1 0 0
1472 0 0 0 0
1473 1500 1 0 0
1474 4500 3 52 1
1475 969000 646 6560 164
1476 463500 309 3757 85
1477 244212 163 2204 50
1478 471000 314 3723 79
1479 264000 176 2695 61
1480 39461 110 204441 207
1481 5176 88 469885 321
1482 5702 112 227578 157
1483 11355 225 430581 288
1484 4505 69 107376 72
1485 1348 31 58644 42
1486 1909 43 63000 42
1487 0 0 0 0
1488 2567 56 91592 63
1489 4938 109 177040 119
1490 5263 121 192000 128
1491 10850 203 312057 219
1492 19173 260 450784 333
1493 24861 341 637762 469
1494 21788 277 580652 424
1495 9405 117 235120 175
1496 0 0 0 0
1497 8324 102 237468 177
1498 4107 54 104739 80
1499 5912 67 129160 98
1500 17122 151 226002 206
1501 0 0 0 0
1502 23521 170 216602 237
1503 15423 156 226147 198
1504 715 10 23543 17
1505 5205 75 183493 129
1506 5634 81 240171 168
1507 4450 64 170593 120
1508 1819 25 69712 49
1509 6858 99 237652 167
1510 6515 92 238868 168
1511 0 0 0 0
1512 5737 82 207541 146
1513 858 12 32890 23
1514 3855 57 178670 125
1515 1636 22 61154 43
1516 0 0 0 0
1517 0 0 0 0
1518 7058 104 239057 168
1519 0 0 0 0
1520 0 0 0 0
1521 2042 29 72617 51
1522 4330 61 131244 92
1523 3123 45 119434 84
1524 1899 27 69996 49
1525 0 0 0 0
1526 6675 96 231778 163
1527 0 0 0 0
1528 6183 90 240202 168
1529 143 2 12711 9
1530 6618 93 226283 159
1531 6818 98 239120 168
1532 3592 52 126492 89
1533 2900 41 112439 79
1534 7264 106 239120 168
1535 7430 107 238125 167
1536 7087 100 238062 167
1537 0 0 0 0
1538 6303 93 238616 168
1539 7064 101 238994 168
1540 6778 97 238931 168
1541 286 4 12774 9
1542 11754 171 390291 274
1543 1676 23 72649 51
1544 7224 105 236404 166
1545 7876 115 238030 167
1546 6532 94 238805 168
1547 183 3 12711 9
1548 6229 88 226536 159
1549 6921 99 239215 168
1550 7104 102 237778 167
1551 1287 18 51159 36
1552 5228 74 186430 131
1553 6389 92 240242 169
1554 6057 90 240116 169
1555 6492 93 237715 167
1556 1779 24 68149 48
1557 4879 70 172219 121
1558 6595 94 238931 168
1559 6515 92 240368 169
1560 6412 91 240368 169
1561 3043 43 106786 75
1562 3821 53 129555 91
1563 6818 98 239215 168
1564 7367 107 237967 167
1565 0 0 0 0
1566 6658 94 239120 168
1567 7104 102 239183 168
1568 3071 50 245422 168
1569 429 6 12837 9
1570 8517 120 257862 181
1571 6269 89 202424 142
1572 7001 101 238994 168
1573 7047 99 239120 168
1574 3735 54 125402 88
1575 5102 74 166692 117
1576 3718 52 109912 77
1577 5451 78 200546 141
1578 6509 95 239152 168
1579 2208 30 72491 51
1580 6698 95 240431 169
1581 2002 28 68338 48
1582 4839 69 169503 119
1583 6961 100 239057 168
1584 6818 98 239562 168
1585 6452 92 239089 168
1586 2288 32 72617 51
1587 4330 61 166377 117
1588 6618 93 238931 168
1589 6738 96 238931 168
1590 6881 98 238346 167
1591 6412 91 239089 168
1592 4187 59 135176 95
1593 2854 43 102507 72
1594 7144 103 239057 168
1595 7018 103 239278 168
1596 572 8 17116 12
1597 6046 85 221878 156
1598 7676 110 236511 167
1599 7007 98 239120 168
1600 5268 75 170908 120
1601 5514 78 178408 125
1602 3695 53 126776 89
1603 6875 101 239137 168
1604 0 0 0 0
1605 0 0 0 0
1606 0 0 0 0
1607 0 0 0 0
1608 4947 78 218160 151
1609 17566 247 579562 407
1610 5920 85 240320 167
1611 247074 175 1735 12
1612 259112 201 8558 37
1613 234719 216 16240 64
1614 466141 320 3228 54
1615 244500 163 2713 64
1616 487500 325 5928 138
1617 468540 330 5360 93
1618 251723 196 16634 40
1619 268500 179 3084 72
1620 128752 86 1822 43
1621 327080 220 8342 96
1622 193380 129 2725 64
1623 99000 66 1331 32
1624 230884 154 2444 56
1625 199500 133 2273 53
1626 765000 510 11103 156
1627 453075 308 7216 160
1628 1500 1 0 0
1629 0 0 0 0
1630 1500 1 0 0
1631 0 0 0 0
1632 0 0 0 0
1633 0 0 0 0
1634 1163 4 282 2
1635 0 0 0 0
1636 0 0 0 0
1637 182 2 0 0
1638 0 0 0 0
1639 0 0 0 0
1640 0 0 0 0
1641 0 0 0 0
1642 0 0 0 0
1643 0 0 0 0
1644 1820 21 24187 24
1645 1451689 1188 411149 597
1646 5028 70 100202 75
1647 0 0 0 0
1648 8598 103 151524 121
1649 0 0 0 0
1650 474104 326 19998 77
1651 241540 162 6771 58
1652 337132 225 3626 83
1653 392973 282 15859 117
1654 1718 14 12041 14
1655 0 0 0 0
1656 426 1 0 0
1657 41539 63 49492 54
1658 273000 182 3004 70
1659 232780 162 14722 50
1660 245513 164 1873 43
1661 486200 329 9907 27
1662 0 0 0 0
1663 489485 330 8095 14
1664 40098 189 200176 229
1665 490573 330 6916 60
1666 10516 160 232799 169
1667 493132 329 2808 60
1668 556500 371 4538 59
1669 181540 122 3052 5
1670 241132 161 4394 66
1671 151244 110 8020 183
1672 10760 92 108463 96
1673 4492 79 120429 82
1674 0 0 0 0
1675 517 1 0 0
1676 7521 75 114025 90
1677 7186 75 115087 87
1678 1023 5 4500 3
1679 800 1 0 0
1680 19912 274 384782 282
1681 237160 162 10989 31
1682 0 0 0 0
1683 10778 163 231690 169
1684 0 0 0 0
1685 10851 155 233517 174
1686 12871 157 229147 182
1687 12610 165 230552 181
1688 0 0 0 0
1689 0 0 0 0
1690 17448 181 225142 198
1691 12824 165 229326 183
1692 23398 213 216996 228
1693 10818 122 156680 131
1694 9678 88 95231 94
1695 7406 46 21538 47
1696 10738 159 230658 175
1697 0 0 0 0
1698 7806 129 237368 167
1699 0 0 0 0
1700 8498 140 236278 166
1701 4278 66 119686 84
1702 4032 63 116844 82
1703 0 0 0 0
1704 7047 99 237904 167
1705 5045 71 162350 114
1706 2471 35 74243 52
1707 0 0 0 0
1708 3226 46 102507 72
1709 3592 52 111128 78
1710 3655 52 126839 89
1711 3512 50 123839 87
1712 3535 49 114065 80
1713 6898 100 236373 166
1714 6016 100 176372 124
1715 3197 50 106660 75
1716 5777 83 192051 135
1717 6738 96 238994 168
1718 3163 46 119497 84
1719 5388 78 187772 132
1720 4147 58 174683 123
1721 6080 89 237526 167
1722 6412 91 240526 169
1723 7047 99 237841 167
1724 6189 87 238742 168
1725 2860 40 85391 60
1726 3918 57 152198 107
1727 6801 96 238994 168
1728 6858 99 240368 169
1729 7453 106 237967 167
1730 1001 14 42601 30
1731 5737 82 197767 139
1732 6818 98 238931 168
1733 6555 93 237873 167
1734 6841 97 239278 168
1735 6875 101 238994 168
1736 0 0 0 0
1737 0 0 0 0
1738 0 0 0 0
1739 6143 89 238742 168
1740 7304 107 237904 167
1741 3123 45 106723 75
1742 3672 54 132271 93
1743 6429 93 238868 168
1744 2551 37 93886 66
1745 10696 154 375828 264
1746 246 3 8779 6
1747 0 0 0 0
1748 0 0 0 0
1749 0 0 0 0
1750 0 0 0 0
1751 0 0 0 0
1752 0 0 0 0
1753 19926 312 1081586 747
1754 12572 182 360936 253
1755 0 0 0 0
1756 5880 84 240116 169
1757 0 0 0 0
1758 0 0 0 0
1759 0 0 0 0
1760 0 0 0 0
1761 4118 62 191192 134
1762 27789 438 1503136 1034
1763 0 0 0 0
1764 4318 67 242152 165
1765 0 0 0 0
1766 7024 100 239183 168
1767 0 0 0 0
1768 7487 110 237967 167
1769 0 0 0 0
1770 7121 104 237904 167
1771 0 0 0 0
1772 4667 71 241979 167
1773 0 0 0 0
1774 4513 64 143734 101
1775 2774 41 94012 66
1776 0 0 0 0
1777 7350 105 236751 166
1778 0 0 0 0
1779 7287 105 237872 167
1780 0 0 0 0
1781 6961 100 239183 168
1782 0 0 0 0
1783 6881 98 239183 168
1784 0 0 0 0
1785 0 0 0 0
1786 7184 104 238125 167
1787 0 0 0 0
1788 7287 105 236530 166
1789 0 0 0 0
1790 0 0 0 0
1791 0 0 0 0
1792 3191 53 245138 168
1793 0 0 0 0
1794 0 0 0 0
1795 7876 115 236593 166
1796 0 0 0 0
1797 0 0 0 0
1798 7693 112 236814 166
1799 1859 26 69775 49
1800 5085 72 169629 119
1801 7230 102 239246 168
1802 6881 98 239120 168
1803 7167 102 237904 167
1804 0 0 0 0
1805 0 0 0 0
1806 0 0 0 0
1807 5730 96 415588 284
