0 40 1 44 1
1 0 0 0 0
2 0 0 0 0
3 1008 3 237 3
4 40 1 0 0
5 0 0 0 0
6 0 0 0 0
7 0 0 0 0
8 0 0 0 0
9 0 0 0 0
10 0 0 0 0
11 0 0 0 0
12 1264 11 1372 10
13 638 6 696 5
14 638 6 696 5
15 0 0 0 0
16 0 0 0 0
17 0 0 0 0
18 0 0 0 0
19 638 6 696 5
20 1236 11 1392 10
21 0 0 0 0
22 0 0 0 0
23 0 0 0 0
24 0 0 0 0
25 0 0 0 0
26 0 0 0 0
27 0 0 0 0
28 0 0 0 0
29 0 0 0 0
30 426 4 396 3
31 9788 54 6834 53
32 4106 29 3744 28
33 0 0 0 0
34 0 0 0 0
35 0 0 0 0
36 0 0 0 0
37 0 0 0 0
38 0 0 0 0
39 0 0 0 0
40 0 0 0 0
41 0 0 0 0
42 0 0 0 0
43 0 0 0 0
44 0 0 0 0
45 0 0 0 0
46 0 0 0 0
47 198 3 158 2
48 0 0 0 0
49 0 0 0 0
50 0 0 0 0
51 0 0 0 0
52 0 0 0 0
53 0 0 0 0
54 0 0 0 0
55 0 0 0 0
56 0 0 0 0
57 1670 11 1474 11
58 9557 71 8619 70
59 960 8 585 5
60 0 0 0 0
61 0 0 0 0
62 5082 47 13790 45
63 5201 48 14067 49
64 0 0 0 0
65 5832 82 410540 299
66 4267 41 54732 64
67 4432 75 502091 350
68 16496 151 272920 290
69 17282 210 846936 643
70 2328 37 247968 174
71 0 0 0 0
72 0 0 0 0
73 0 0 0 0
74 198 3 158 2
75 528 4 563 4
76 24964 368 1945134 1389
77 6452 78 237866 189
78 0 0 0 0
79 0 0 0 0
80 15655 226 722056 509
81 5160 71 241732 174
82 5720 80 240337 169
83 7150 100 239309 168
84 14361 163 191666 187
85 20117 130 15574 123
86 25615 157 19630 154
87 14988 159 659458 493
88 8646 119 235266 176
89 0 0 0 0
90 6864 96 239183 168
91 12973 181 448634 315
92 7579 106 269010 189
93 0 0 0 0
94 6721 94 237841 167
95 0 0 0 0
96 0 0 0 0
97 7439 104 237079 170
98 0 0 0 0
99 8961 126 316191 226
100 70785 167 322588 248
101 2253 39 264559 180
102 6738 96 237778 167
103 6658 94 239057 168
104 7493 107 236530 166
105 0 0 0 0
106 7693 112 280663 197
107 6000 87 196393 138
108 7939 115 238093 167
109 6818 98 239057 168
110 6549 96 237652 167
111 6938 101 239057 168
112 0 0 0 0
113 0 0 0 0
114 14976 135 162116 172
115 5216 32 3927 31
116 10280 149 446798 317
117 19007 278 803355 568
118 0 0 0 0
119 4341 66 241853 167
120 0 0 0 0
121 0 0 0 0
122 40 1 4279 3
123 0 0 0 0
124 0 0 0 0
125 1321 22 73510 51
126 16885 241 618445 432
127 8151 114 253835 178
128 0 0 0 0
129 0 0 0 0
130 119 2 79 1
131 0 0 0 0
132 0 0 0 0
133 0 0 0 0
134 0 0 0 0
135 0 0 0 0
136 0 0 0 0
137 14806 101 12429 94
138 1474 6 490 5
139 14547 288 2297211 1569
140 1927 34 246559 168
141 7968 111 236845 166
142 0 0 0 0
143 6795 99 239057 168
144 7047 99 239246 168
145 0 0 0 0
146 0 0 0 0
147 0 0 0 0
148 0 0 0 0
149 0 0 0 0
150 0 0 0 0
151 0 0 0 0
152 0 0 0 0
153 119 2 79 1
154 4690 70 204115 142
155 41011 589 1422696 997
156 27975 408 925311 650
157 6635 95 238994 168
158 6595 94 239057 168
159 6578 92 239057 168
160 0 0 0 0
161 7264 106 239057 168
162 0 0 0 0
163 7407 108 236751 166
164 6818 98 237778 167
165 6898 100 239120 168
166 0 0 0 0
167 0 0 0 0
168 6549 96 238931 168
169 0 0 0 0
170 0 0 0 0
171 0 0 0 0
172 7453 106 237746 167
173 0 0 0 0
174 6721 94 239120 168
175 6864 96 239404 168
176 6578 92 239057 168
177 6721 94 239341 168
178 6578 92 240778 169
179 11869 166 418460 294
180 8866 124 295315 207
181 7001 101 239120 168
182 7087 100 239183 168
183 5291 74 182119 128
184 5594 80 234131 163
185 1653 24 63001 44
186 0 0 0 0
187 6509 95 230373 162
188 143 2 8779 6
189 7304 107 239120 168
190 13882 199 478240 336
191 5434 76 187898 132
192 8151 114 289126 203
193 6721 94 239120 168
194 6166 88 240036 167
195 0 0 0 0
196 3266 47 111128 78
197 4267 61 125465 88
198 0 0 0 0
199 0 0 0 0
200 7058 104 239183 168
201 0 0 0 0
202 0 0 0 0
203 7127 101 237746 167
204 0 0 0 0
205 0 0 0 0
206 7224 105 239246 168
207 0 0 0 0
208 0 0 0 0
209 7596 108 237967 167
210 0 0 0 0
211 0 0 0 0
212 7064 101 239246 168
213 0 0 0 0
214 0 0 0 0
215 5834 86 241307 167
216 0 0 0 0
217 0 0 0 0
218 0 0 0 0
219 6858 99 238125 167
220 0 0 0 0
221 0 0 0 0
222 6715 97 239057 168
223 0 0 0 0
224 0 0 0 0
225 7716 111 236656 166
226 0 0 0 0
227 0 0 0 0
228 0 0 0 0
229 5754 84 175313 123
230 1859 26 62780 44
231 0 0 0 0
232 0 0 0 0
233 7779 111 236719 166
234 0 0 0 0
235 0 0 0 0
236 0 0 0 0
237 0 0 0 0
238 0 0 0 0
239 0 0 0 0
240 0 0 0 0
241 1933 31 118598 82
242 25671 363 883783 619
243 10251 168 926498 640
244 7865 110 236845 166
245 1412 29 246892 168
246 5720 80 240116 169
247 2094 14 1579 13
248 4122 29 3744 28
249 0 0 0 0
250 0 0 0 0
251 0 0 0 0
252 0 0 0 0
253 0 0 0 0
254 0 0 0 0
255 0 0 0 0
256 0 0 0 0
257 0 0 0 0
258 0 0 0 0
259 198 3 158 2
260 0 0 0 0
261 0 0 0 0
262 0 0 0 0
263 0 0 0 0
264 0 0 0 0
265 0 0 0 0
266 0 0 0 0
267 0 0 0 0
268 0 0 0 0
269 0 0 0 0
270 0 0 0 0
271 0 0 0 0
272 0 0 0 0
273 0 0 0 0
274 0 0 0 0
275 0 0 0 0
276 0 0 0 0
277 0 0 0 0
278 0 0 0 0
279 0 0 0 0
280 0 0 0 0
281 7662 59 7730 59
282 40 1 0 0
283 0 0 0 0
284 0 0 0 0
285 170 2 158 2
