0 2709 29 75566 68
1 0 0 0 0
2 0 0 0 0
3 0 0 0 0
4 0 0 0 0
5 228 1 0 0
6 8835 59 15584 66
7 15788 211 1131892 820
8 13583 197 1186688 837
9 6326 92 240242 169
10 6435 90 240431 169
11 6898 100 237778 167
12 2836 19 19038 27
13 1780 13 17464 18
14 4103 71 449011 312
15 7579 106 239498 168
16 675 9 33980 24
17 898 13 59465 42
18 1144 16 67960 48
19 1081 16 59465 42
20 11570 128 447070 335
21 0 0 0 0
22 6965 94 238525 179
23 2110 37 245833 165
24 0 0 0 0
25 7527 111 237872 167
26 0 0 0 0
27 0 0 0 0
28 0 0 0 0
29 760 19 55500 37
30 0 0 0 0
31 7733 113 236593 166
32 0 0 0 0
33 7430 107 239309 168
34 7144 103 237683 167
35 7001 101 237841 167
36 6595 94 240431 169
37 66964 114 179003 146
38 6578 92 239278 168
39 0 0 0 0
40 6961 100 237746 167
41 0 0 0 0
42 0 0 0 0
43 6858 99 240557 169
44 0 0 0 0
45 0 0 0 0
46 7773 114 237935 167
47 0 0 0 0
48 0 0 0 0
49 8005 121 236570 167
50 0 0 0 0
51 6898 100 237557 167
52 61959 44 5261 25
53 4719 66 175219 123
54 6578 92 239057 168
55 6864 96 237904 167
56 6761 95 240494 169
57 6475 91 238994 168
58 0 0 0 0
59 4490 65 141302 99
60 0 0 0 0
61 0 0 0 0
62 6818 98 237778 167
63 0 0 0 0
64 6921 99 240557 169
65 10044 144 352996 248
66 9924 141 362770 255
67 6755 98 238994 168
68 0 0 0 0
69 6875 101 239215 168
70 6961 100 239120 168
71 6778 97 239057 168
72 7104 102 237778 167
73 0 0 0 0
74 6864 96 237841 167
75 39828 108 206555 155
76 6738 96 239057 168
77 6681 93 238062 167
78 6658 94 240778 169
79 366 6 12774 9
80 6292 88 240652 169
81 2431 34 92323 65
82 4044 57 148108 104
83 7047 99 238899 168
84 6721 94 238125 167
85 6475 91 238994 168
86 0 0 0 0
87 66821 112 179003 146
88 5445 81 241181 167
89 0 0 0 0
90 6538 91 238931 168
91 6435 90 240715 169
92 6395 89 238931 168
93 6475 91 238994 168
94 6435 90 238931 168
95 6292 88 238931 168
96 6658 94 239057 168
97 6578 92 240494 169
98 37120 107 207336 163
99 6578 92 237778 167
100 6618 93 240494 169
101 6618 93 237778 167
102 6578 92 240494 169
103 6475 91 239215 168
104 6864 96 237841 167
105 6292 88 239152 168
106 7007 98 256047 180
107 11091 156 401155 282
108 8397 117 300337 211
109 6761 95 237557 167
110 6578 92 238994 168
111 6721 94 240557 169
112 6538 91 238994 168
113 4290 60 157945 111
114 8088 114 298711 210
115 9970 139 345906 243
116 5372 77 316112 229
117 469 7 25485 18
118 858 12 50970 36
119 3327 30 78119 66
120 1430 20 84950 60
121 1287 18 76455 54
122 1287 18 76455 54
123 1081 16 59465 42
124 835 13 42475 30
125 1019 14 25959 24
126 1578 21 51602 44
127 183 3 8495 6
128 692 11 33980 24
129 0 0 0 0
130 446 8 16990 12
131 0 0 0 0
132 0 0 0 0
133 0 0 0 0
134 0 0 0 0
135 0 0 0 0
136 0 0 0 0
137 0 0 0 0
138 0 0 0 0
139 0 0 0 0
140 0 0 0 0
141 0 0 0 0
142 1048 4 237 3
143 0 0 0 0
144 0 0 0 0
145 0 0 0 0
146 0 0 0 0
147 0 0 0 0
148 0 0 0 0
149 0 0 0 0
150 0 0 0 0
151 1976 16 2188 16
152 1942 17 2056 15
153 1902 16 2056 15
154 0 0 0 0
155 0 0 0 0
156 0 0 0 0
157 0 0 0 0
158 0 0 0 0
159 1902 16 2056 15
160 3987 35 12447 35
161 40 1 160 1
162 0 0 0 0
163 0 0 0 0
164 0 0 0 0
165 0 0 0 0
166 0 0 0 0
167 0 0 0 0
168 0 0 0 0
169 426 4 396 3
170 0 0 0 0
171 0 0 0 0
172 0 0 0 0
173 0 0 0 0
174 2086 9 1023 8
175 7925 49 14306 51
176 4146 30 3788 29
177 0 0 0 0
178 0 0 0 0
179 0 0 0 0
180 0 0 0 0
181 1818 9 781 7
182 16520 240 1074871 767
183 25243 358 1446052 1033
184 0 0 0 0
185 6795 99 237557 167
186 2642 43 246604 167
187 2624 44 243808 165
188 6610 85 239023 180
189 1887 33 246843 168
190 0 0 0 0
191 0 0 0 0
192 286 4 16990 12
193 11628 171 462950 325
194 2757 39 136109 96
195 3321 42 104541 78
196 6364 91 237842 169
197 6366 93 240589 169
198 429 6 11558 8
199 1287 18 63807 45
200 4616 65 176530 124
201 6555 93 238931 168
202 429 6 25485 18
203 818 11 48475 34
204 572 8 33980 24
205 1287 18 76455 54
206 1287 18 76455 54
207 1287 18 76455 54
208 1287 18 76455 54
209 1041 15 56970 40
210 143 2 8495 6
211 795 12 42475 30
212 429 6 25485 18
213 0 0 0 0
214 14550 222 573736 397
215 18852 276 672259 473
216 0 0 0 0
217 6286 91 240179 169
218 13590 198 478051 336
219 6309 90 249021 175
220 1470 21 93445 66
221 1430 20 84950 60
222 1430 20 84950 60
223 1430 20 84950 60
224 1144 16 67960 48
225 1287 18 76455 54
226 1287 18 76455 54
227 1001 14 59465 42
228 572 8 33980 24
229 0 0 0 0
230 938 14 50970 36
231 0 0 0 0
232 0 0 0 0
233 20367 289 758776 534
234 2162 32 79991 56
235 7527 111 236530 166
236 0 0 0 0
237 13865 197 479677 337
238 13636 196 478556 336
239 572 8 33980 24
240 1287 18 76455 54
241 2591 23 77078 59
242 29411 408 1006896 713
243 0 0 0 0
244 5142 75 174998 123
245 858 12 50970 36
246 755 11 42475 30
247 17176 253 625140 435
248 0 0 0 0
249 0 0 0 0
250 7287 105 238150 167
251 0 0 0 0
252 0 0 0 0
253 0 0 0 0
254 7247 104 237887 166
255 0 0 0 0
256 3106 43 100944 71
257 3855 57 138233 100
258 6961 100 239057 168
259 0 0 0 0
260 7390 106 238030 167
261 6898 100 237778 167
262 7058 104 238994 168
263 6635 95 237999 167
264 0 0 0 0
265 6738 96 239278 168
266 6835 100 238994 168
267 5451 78 207541 146
268 755 11 42475 30
269 5571 81 222857 155
270 6675 96 238994 168
271 6938 101 239278 168
272 7232 93 238480 171
273 7064 101 239183 168
274 0 0 0 0
275 7081 103 239120 168
276 6412 91 239057 168
277 6841 97 239057 168
278 223 4 8495 6
279 858 12 50970 36
280 1287 18 76455 54
281 1144 16 67960 48
282 1144 16 67960 48
283 1430 20 84950 60
284 1510 22 84950 60
285 1144 16 67960 48
286 612 9 33980 24
