0 20658 279 1129078 813
1 27742 388 1655530 1169
2 5434 76 330310 233
3 7865 110 477725 337
4 8008 112 486220 343
5 8008 112 486220 343
6 8008 112 486220 343
7 8008 112 486220 343
8 8008 112 486220 343
9 8008 112 486220 343
10 8008 112 487720 344
11 8008 112 484720 342
12 6578 92 396770 280
13 6149 86 374285 264
14 7293 102 445245 314
15 8008 112 484720 342
16 8008 112 484720 342
17 8151 114 484720 342
18 8008 112 484720 342
19 8111 113 484720 342
20 8008 112 484720 342
21 8008 112 484720 342
22 8111 113 484720 342
23 7619 107 454735 321
24 6149 86 374285 264
25 6538 91 391275 276
26 7865 110 476225 336
27 8008 112 484720 342
28 8008 112 484720 342
29 8008 112 484720 342
30 8008 112 484720 342
31 8008 112 484720 342
32 8008 112 484720 342
33 8008 112 484720 342
34 7293 102 439245 310
35 6475 91 388275 274
36 7516 106 450820 320
37 6944 98 416760 294
38 8128 115 484720 342
39 5119 76 286335 202
40 11497 163 682600 482
41 8008 112 484720 342
42 8008 112 484720 342
43 8008 112 486220 343
44 8008 112 486220 343
45 8008 112 483220 341
46 8151 114 484720 342
47 8008 112 484720 342
48 8008 112 484720 342
49 8048 113 484720 342
50 8008 112 486220 343
51 8151 114 484720 342
52 7293 102 436245 308
53 6046 85 365790 258
54 6721 94 408265 288
55 8008 112 486220 343
56 8008 112 484720 342
57 8008 112 484720 342
58 8008 112 484720 342
59 8048 113 484720 342
60 8088 114 484720 342
61 8008 112 484720 342
62 8008 112 484720 342
63 7150 100 429250 303
64 6149 86 374285 264
65 6801 96 408265 288
66 8111 113 484720 342
67 8008 112 484720 342
68 8008 112 484720 342
69 8008 112 484720 342
70 8008 112 484720 342
71 8008 112 484720 342
72 8008 112 484720 342
73 8111 113 484720 342
74 7968 111 470225 332
75 5720 80 350300 247
76 6578 92 399770 282
77 7905 111 474725 335
78 8048 113 484720 342
79 8048 113 484720 342
80 8111 113 484720 342
81 8191 115 484720 342
82 8088 114 484720 342
83 8008 112 484720 342
84 8008 112 484720 342
85 8111 113 486220 343
86 8048 113 484720 342
87 8008 112 480220 339
88 6229 88 374285 264
89 7333 103 440745 311
90 6904 97 418260 295
91 7842 111 466230 329
92 8168 116 484720 342
93 8368 121 483220 341
94 8008 112 486220 343
95 8128 115 484720 342
96 8448 123 483220 341
97 8208 117 484720 342
98 8088 114 484720 342
99 6864 96 410760 290
100 8826 123 531695 375
101 5291 74 323315 228
102 7150 100 433750 306
103 8208 117 483220 341
104 8288 119 484720 342
105 8048 113 484720 342
106 8151 114 484720 342
107 8088 114 484720 342
108 8048 113 484720 342
109 8008 112 484720 342
110 8008 112 484720 342
111 7579 106 454735 321
112 6189 87 368285 260
113 6435 90 389775 275
114 8008 112 484720 342
115 8008 112 484720 342
116 8111 113 486220 343
117 8008 112 484720 342
118 8008 112 483220 341
119 8008 112 484720 342
120 8008 112 484720 342
121 8008 112 484720 342
122 5657 80 345800 244
123 7110 99 423755 299
124 7293 102 442245 312
125 8008 112 484720 342
126 8723 122 527195 372
127 10662 150 639130 451
128 8723 122 531695 375
129 8008 112 484720 342
130 8008 112 484720 342
131 8088 114 484720 342
132 8008 112 484720 342
133 8723 122 527195 372
134 9867 138 596655 421
135 9541 133 572670 404
136 8151 114 484720 342
137 8008 112 484720 342
138 8008 112 483220 341
139 8008 112 486220 343
140 8540 119 510205 360
141 9724 136 586660 414
142 9970 139 599655 423
143 8048 113 483220 341
144 8088 114 484720 342
145 8048 113 484720 342
146 8088 114 484720 342
147 9392 134 552680 390
148 10193 143 612145 432
149 6389 92 371285 262
150 10902 156 644625 455
151 8008 112 484720 342
152 8008 112 484720 342
153 8151 114 496215 350
154 10439 146 629135 444
155 9438 132 574170 405
156 8008 112 484720 342
157 8008 112 484720 342
158 8008 112 484720 342
159 8008 112 484720 342
160 10193 143 612145 432
161 9867 138 599655 423
162 8048 113 484720 342
163 8008 112 484720 342
164 8008 112 484720 342
165 8008 112 484720 342
166 9438 132 569670 402
167 10662 150 642130 453
168 8111 113 484720 342
169 8008 112 484720 342
170 8008 112 484720 342
171 8008 112 484720 342
172 8008 112 484720 342
173 8008 112 484720 342
174 8008 112 484720 342
175 8580 120 518700 366
176 11297 158 680105 480
177 8151 114 497715 351
178 8048 113 484720 342
179 8008 112 484720 342
180 8111 113 484720 342
181 8866 124 535690 378
182 11154 156 671610 474
183 8008 112 489220 345
184 7905 111 474725 335
185 8008 112 484720 342
186 8111 113 484720 342
187 8008 112 484720 342
188 9581 134 579665 409
189 10439 146 627635 443
190 8008 112 490720 346
191 8008 112 484720 342
192 8008 112 484720 342
193 8008 112 484720 342
194 8008 112 484720 342
195 10376 146 629135 444
196 9684 135 582665 411
197 8111 113 484720 342
198 8008 112 484720 342
199 8111 113 484720 342
200 8620 121 520200 367
201 10582 148 637630 450
202 8866 124 538690 380
203 7905 111 477725 337
204 8048 113 484720 342
205 8008 112 484720 342
206 8008 112 484720 342
207 8008 112 486220 343
208 10296 144 622140 439
209 9724 136 589660 416
210 8008 112 484720 342
211 8008 112 484720 342
212 8048 113 484720 342
213 8008 112 484720 342
214 8294 116 503210 355
215 10153 142 609145 430
216 9581 134 584165 412
217 8008 112 484720 342
218 8008 112 484720 342
219 8008 112 484720 342
220 8008 112 484720 342
221 8437 118 510205 360
222 10153 142 613645 433
223 9478 133 572670 404
224 8008 112 484720 342
225 8008 112 484720 342
226 8008 112 484720 342
227 8048 113 484720 342
228 9581 134 578165 408
229 9152 128 554180 391
230 8906 125 534190 377
231 8437 118 514705 363
232 8008 112 484720 342
233 8342 122 460230 325
234 8008 112 484720 342
235 8008 112 484720 342
236 5005 70 301825 213
237 7047 99 425255 300
238 8008 112 481720 340
239 8368 121 483220 341
240 8008 112 486220 343
241 9009 126 545685 385
242 10153 142 610645 431
243 9009 126 535690 378
244 8008 112 484720 342
245 8008 112 481720 340
246 7865 110 480725 339
247 7905 111 479225 338
248 8088 114 484720 342
249 8008 112 480220 339
250 8008 112 483220 341
251 4965 69 293330 207
252 4307 62 249355 176
253 7865 110 477725 337
254 4862 68 293330 207
255 7150 100 433750 306
256 8008 112 484720 342
257 7945 112 477725 337
258 8168 116 486220 343
259 5085 72 305820 216
260 6721 94 409765 289
261 8088 114 483220 341
262 8088 114 484720 342
263 4719 66 286335 202
264 7453 106 442245 312
265 7985 113 476225 336
266 5394 75 318815 225
267 6578 92 404270 285
268 8111 113 486220 343
269 8008 112 486220 343
270 5005 70 298825 211
271 7007 98 429755 303
272 8008 112 486220 343
273 7865 110 476225 336
274 4004 56 242360 171
275 8048 113 484720 342
276 8008 112 486220 343
277 8008 112 484720 342
278 5005 70 301825 213
279 7007 98 423755 299
280 8048 113 484720 342
281 8008 112 484720 342
282 6761 95 403765 285
283 5291 74 323315 228
284 8008 112 486220 343
285 8008 112 484720 342
286 8008 112 484720 342
